123456
0999898889
0967178552
0958019069
0916261907
0943952854
0985876040
0997802389
0948851796
0937576099
0997377856
0956594773
0922544565
0918602792
0933030467
0990525277
0966180365
0965039397
0939502866
0943976236
0933652508
0930487526
0919672077
0985212994
0984899170
0946900577
0926091605
0910507597
0986123977
0972727722
0936301142
0915609285
0942119230
0947994430
0941160252
0994979804
0969431778
0994909234
0926929652
0971909181
0934845540
0928655889
0995153913
0940388122
0961458599
0937859012
0937539956
0922209599
0921424863
0975251636
0979121317
0961226629
0976639746
0972340840
0977978622
0923644258
0990322706
0929925074
0938440909
0933881893
0926184756
0932478342
0913516078
0991009223
0993364898
0995543483
0918832052
0970234784
0951913516
0951924840
0918617805
0966269993
0989419103
0978964418
0968867946
0986780470
0922920338
0977529066
0994809830
0965379750
0939726863
0992489561
0986735707
0987054444
0924829718
0959824230
0951491124
0940704038
0936177662
0957558200
0996770368
0945329853
0915228940
0960523483
0930381781
0986879151
0942963439
0919527638
0945411297
0998792729
0919870855
0970826373
0940000053
0991175137
0950350809
0952187625
0936624273
0926517964
0938047751
0914453416
0912692906
0925660898
0943085592
0974538490
0910597899
0910662456
0952273002
0945342278
0912574156
0917440413
0971276090
0997701813
0957506494
0928187607
0984775156
0962438171
0925136065
0929710702
0911710761
0931179916
0995207251
0918181572
0960529315
0916966061
0930980897
0974244530
0971310391
0989509268
0941164067
0931384499
0924066879
0991448118
0969428736
0931072060
0984721804
0961901850
0920027785
0982787362
0954878157
0916897298
0920496485
0949232779
0956044396
0967149568
0977673127
0990791853
0975627295
0933269164
0919407803
0992318747
0988287153
0947807380
0946003245
0940620566
0952615225
0981175069
0920432851
0934193528
0975054571
0964862776
0980724633
0943197345
0961492402
0963369980
0954720410
0947402266
0986392198
0948180746
0919647161
0919963066
0922223738
0919070942
0933899150
0942713566
0971845579
0977461134
0935170325
0967648536
0970075618
0955563033
0950786474
0917647986
0969795744
0957530526
0972953530
0992746362
0928969482
0919379087
0960869188
0993156004
0940573439
0947720347
0976047067
0935043136
0966474952
0919508428
0985934193
0950156435
0911185954
0982857759
0942045004
0996233236
0948039617
0913664356
0999382679
0982152682
0940571272
0950425173
0933851500
0951330582
0952262571
0947803251
0995224395
0982595314
0933018663
0924826001
0917730502
0955989155
0984253769
0919557996
0916454716
0946611898
0943729965
0989648640
0944017952
0996641930
0912807702
0915577671
0971178633
0968415048
0959381319
0932192226
0980173149
0961048904
0929606810
0984232362
0929444129
0992351729
0970568053
0979846929
0982843156
0950421135
0940410889
0940141350
0924763029
0969679634
0925356712
0937530395
0973738257
0981220618
0981340440
0981627254
0934213535
0997558259
0961444250
0995855316
0946161609
0922275417
0911541084
0976904618
0932204677
0925107676
0929731356
0955271499
0919867824
0983354108
0917071607
0932678951
0939638546
0964545209
0927469203
0924250630
0977200195
0991278140
0930392256
0947128946
0920408478
0984951089
0932150767
0920052964
0950790390
0940719254
0964200141
0979327598
0991693614
0949297142
0980771876
0925866506
0982716301
0989259705
0973116810
0916775298
0918251305
0938004518
0999756580
0930497821
0934700825
0918289863
0928820523
0958432513
0983595338
0939276048
0950624666
0918002704
0957411841
0960686299
0936865827
0919110110
0976940383
0928721473
0956248841
0959957360
0947137977
0954483185
0990994089
0930627616
0954451907
0931158059
0942305455
0971752046
0945595780
0947214749
0963856450
0921683408
0983904621
0990242733
0943707443
0980285417
0976256177
0962711229
0931641596
0992765493
0995580164
0919131006
0955215394
0914520201
0965760926
0947603331
0921687954
0914515856
0910070249
0972081549
0983324311
0918489954
0953221503
0923792894
0961688821
0993446366
0935174301
0978475121
0949199802
0986674300
0989196181
0955136589
0992133318
0929124295
0982857928
0991080629
0913335793
0977465125
0993849055
0976564863
0994875174
0984068602
0973925850
0968472901
0966984216
0916310462
0923840268
0971914083
0954680013
0942340042
0924291823
0919686819
0964202619
0917459387
0942744608
0931380764
0953170460
0930336754
0956058362
0942675540
0929904952
0935457513
0987903527
0984353112
0953266776
0997429439
0979995869
0962507276
0934905792
0969854429
0948160419
0977828187
0983179514
0956865952
0932620201
0926990825
0987142404
0914926503
0911102354
0953042397
0960142738
0995110264
0985529420
0995143906
0933004715
0966775177
0953402222
0982841416
0993439328
0996280635
0911600988
0931027178
0961109669
0930827442
0984268021
0933109906
0968487473
0958604682
0996149357
0986607327
0931514813
0939468746
0912289500
0978374625
0914929217
0911602367
0988519377
0932318583
0911741275
0917867285
0940676126
0970687820
0997414783
0912840215
0930287799
0969834702
0997892740
0979474652
0969467026
0939479197
0986127432
0919619437
0910350626
0939154373
0991473900
0987527260
0965257030
0964819433
0956321956
0989300971
0943951060
0975536877
0928936036
0952836594
0954149441
0990366420
0920928024
0917054898
0939280901
0943348318
0968378684
0923604075
0917985512
0930879262
0928071643
0971982825
0986466376
0995154967
0972889410
0994851545
0911211052
0913747159
0966302015
0924122528
0990402780
0920903029
0933063631
0950241873
0971874297
0953325938
0990076072
0928045403
0952610158
0920196684
0958908499
0994535282
0992514482
0954242587
0964706578
0944451660
0984613963
0975520343
0919393428
0960311226
0948155909
0925774180
0950533161
0925722889
0921597822
0926667428
0975235474
0977724187
0916098447
0922083290
0963360017
0936157680
0930207482
0986712373
0990111679
0950487949
0978603089
0983364121
0985329413
0981849297
0951097576
0942438562
0960953291
0937109163
0929998949
0961735095
0989322779
0923134276
0981059280
0966948039
0994983545
0922437235
0984024487
0984401352
0961874319
0946821757
0929508466
0912824265
0958210020
0916879239
0988609722
0996158426
0967065453
0975092078
0965494066
0962320452
0949411157
0945097047
0948943702
0916846888
0938907414
0991310760
0997557930
0918898388
0958805376
0937280956
0961766862
0951690301
0964595486
0938209224
0951443335
0936910533
0946453326
0931746364
0995632899
0975107861
0989775756
0996871268
0986558503
0913452678
0942703687
0989362368
0936397111
0921671972
0976186920
0953284773
0932176434
0972220886
0910441294
0911681195
0958485437
0938352904
0912845560
0960598526
0983449339
0999169687
0983074669
0961811866
0925504440
0987385800
0932890026
0923737560
0959221647
0950878579
0925163219
0961790023
0928785694
0993286644
0993632071
0975871667
0957229838
0917639667
0983431515
0950854414
0993229720
0930450435
0911705667
0992729330
0948268163
0983486497
0928466011
0942068845
0952440429
0924736111
0988703066
0925969386
0987291953
0985285741
0983679819
0981170958
0917875110
0978161237
0997021656
0918518709
0910678989
0959449235
0970246901
0949570906
0910176531
0999502664
0994549761
0974208092
0924713802
0992681175
0950676870
0925024612
0922313509
0988444814
0912038839
0953708054
0969934331
0925766399
0916773753
0925210260
0924564399
0961762285
0934539551
0914510689
0948973127
0959932104
0949085381
0975508410
0911645103
0979188799
0989273181
0985880196
0974741148
0942253478
0943581510
0952653021
0951763091
0994174712
0920846370
0980572051
0941146177
0967784118
0927750685
0928600730
0945355589
0935476690
0952785049
0956842674
0951682408
0910551497
0952988036
0936536352
0937066221
0948127402
0998606794
0934617784
0972153397
0935783196
0993467394
0944779967
0956242441
0944669944
0988377094
0937978780
0927632936
0976265179
0959572692
0965944439
0988760903
0995403476
0911249988
0945617926
0922033696
0989490700
0971451310
0923178622
0920668322
0920044774
0916899656
0999662486
0913744481
0916625947
0951251149
0919473739
0967980620
0925175262
0997734566
0989360816
0956345279
0914146737
0966446126
0958478919
0966304911
0939714630
0959649943
0974633161
0990528574
0971997418
0958532218
0972702679
0937911651
0911455173
0995725379
0987411460
0959435177
0959038030
0968034151
0946343523
0954675625
0918418873
0920792529
0991503523
0922370291
0920491399
0996982039
0996314601
0995283147
0937696749
0940240118
0944715702
0948805157
0936762778
0951345450
0912478488
0914636172
0976530852
0935276794
0980623526
0931417012
0931976455
0953618788
0923378127
0925242381
0971865960
0911125686
0924324354
0986265820
0967149290
0974661934
0988182717
0999556622
0947290853
0957176762
0950793158
0949955604
0926997106
0965711144
0998228734
0976693445
0964170157
0935928124
0974404306
0941687690
0943566174
0965951213
0919269203
0974878135
0930134763
0918617262
0942217209
0915995086
0961691533
0928298488
0943138620
0929339386
0964701921
0918952807
0998508191
0918061032
0963658148
0980463410
0922305712
0916325331
0921676804
0937793193
0976749631
0944249529
0984632911
0990011522
0968030601
0977607443
0963236879
0996885360
0975518723
0943525052
0990457753
0951573396
0961654246
0938647521
0959320964
0970063222
0976836113
0983941532
0992136953
0961381674
0954618427
0954333663
0935108466
0923395892
0935157204
0915433666
0910762268
0924601499
0943833965
0989596380
0988260532
0956592821
0924198955
0941659436
0999202438
0966173652
0927300380
0995172973
0922219270
0970372396
0938755074
0954635580
0965512021
0940508387
0952481051
0933589296
0912260832
0996749418
0967309986
0952507923
0920360470
0977376341
0942729066
0914450087
0949985323
0910727463
123123
123123a
123123as
123123asa
0999898888
3
111111
1
33
